label,p_healthy,p_sick_non_tb,p_tb
0,0.227817,0.772135,0.000048
0,0.005244,0.994756,0.000000
0,0.056086,0.943913,0.000001
0,0.092032,0.907968,0.000000
0,0.152228,0.847728,0.000043
0,0.940869,0.059115,0.000015
0,0.000798,0.999202,0.000000
0,0.022258,0.977742,0.000000
0,0.009708,0.990291,0.000000
0,0.008083,0.991916,0.000000
0,0.034446,0.965549,0.000005
0,0.620246,0.379602,0.000152
0,0.030479,0.969494,0.000027
0,0.058337,0.941611,0.000052
0,0.031691,0.968308,0.000001
0,0.012544,0.987456,0.000000
0,0.455772,0.544227,0.000001
0,0.024839,0.975159,0.000001
0,0.000352,0.999648,0.000000
0,0.322587,0.672042,0.005371
0,0.044249,0.955747,0.000004
0,0.026441,0.973556,0.000003
0,0.495388,0.504574,0.000038
0,0.685279,0.312953,0.001768
0,0.001384,0.998615,0.000001
0,0.024944,0.975055,0.000001
0,0.068221,0.931773,0.000007
0,0.805736,0.194163,0.000101
0,0.001686,0.998314,0.000000
0,0.830946,0.168566,0.000488
0,0.013526,0.986473,0.000001
0,0.006072,0.993928,0.000001
0,0.048939,0.951054,0.000007
0,0.000317,0.999683,0.000000
0,0.015215,0.984785,0.000000
0,0.145818,0.854068,0.000115
0,0.032344,0.967656,0.000000
0,0.026399,0.973553,0.000048
0,0.512833,0.487160,0.000008
0,0.003506,0.996494,0.000000
0,0.018756,0.973523,0.007720
0,0.834781,0.164693,0.000526
0,0.014533,0.985447,0.000020
0,0.993944,0.006026,0.000030
0,0.001717,0.998282,0.000001
0,0.005423,0.994576,0.000000
0,0.027155,0.972842,0.000003
0,0.544922,0.454787,0.000291
0,0.006524,0.993476,0.000000
0,0.086302,0.913698,0.000000
0,0.063662,0.936330,0.000008
0,0.976642,0.023334,0.000023
0,0.955691,0.044261,0.000049
0,0.625293,0.374706,0.000001
0,0.011941,0.988058,0.000000
0,0.079736,0.920264,0.000001
0,0.957447,0.042486,0.000066
0,0.060723,0.939277,0.000000
0,0.398140,0.601651,0.000208
0,0.027493,0.972507,0.000000
0,0.059249,0.940744,0.000007
0,0.111954,0.887990,0.000056
0,0.385945,0.614005,0.000050
0,0.010795,0.989205,0.000000
0,0.118518,0.881377,0.000104
0,0.005022,0.994977,0.000000
0,0.101883,0.898114,0.000003
0,0.006413,0.993587,0.000000
0,0.384898,0.615102,0.000000
0,0.584098,0.415830,0.000073
0,0.177047,0.822952,0.000000
0,0.006173,0.993826,0.000002
0,0.001853,0.998147,0.000000
0,0.947418,0.052569,0.000013
0,0.552050,0.446113,0.001837
0,0.992812,0.007138,0.000050
0,0.009341,0.990659,0.000000
0,0.023502,0.976495,0.000003
0,0.025529,0.974471,0.000000
0,0.087307,0.912688,0.000004
0,0.159953,0.839987,0.000061
0,0.027539,0.972407,0.000054
0,0.407689,0.592181,0.000130
0,0.030995,0.968994,0.000011
0,0.008412,0.991587,0.000000
0,0.347023,0.652973,0.000004
0,0.050896,0.949087,0.000017
0,0.184040,0.770823,0.045136
0,0.021557,0.978441,0.000002
0,0.973433,0.026557,0.000010
0,0.975507,0.001043,0.023450
0,0.001834,0.998166,0.000000
0,0.797293,0.186484,0.016223
0,0.002536,0.997464,0.000000
0,0.142325,0.857610,0.000065
0,0.002190,0.997810,0.000000
0,0.000073,0.999926,0.000001
0,0.007140,0.992860,0.000000
0,0.649897,0.017998,0.332105
0,0.139498,0.860502,0.000001
0,0.008951,0.991048,0.000002
0,0.004412,0.995588,0.000000
0,0.624467,0.374699,0.000834
0,0.659540,0.047484,0.292976
0,0.566798,0.432986,0.000217
0,0.461902,0.537958,0.000140
0,0.885053,0.114947,0.000000
0,0.012532,0.987468,0.000001
0,0.214918,0.785082,0.000000
0,0.583375,0.416554,0.000070
0,0.612650,0.387341,0.000009
0,0.016255,0.983745,0.000001
0,0.025725,0.962131,0.012144
0,0.105856,0.894143,0.000001
0,0.062306,0.937263,0.000431
0,0.003868,0.996131,0.000000
0,0.110151,0.889815,0.000034
0,0.998092,0.001628,0.000281
0,0.989367,0.001132,0.009501
0,0.498434,0.501429,0.000137
0,0.792278,0.119805,0.087917
0,0.871552,0.049434,0.079013
0,0.013512,0.986488,0.000000
0,0.002527,0.997473,0.000000
0,0.994223,0.000339,0.005438
0,0.000117,0.999883,0.000000
0,0.002776,0.997224,0.000000
0,0.287964,0.647081,0.064955
0,0.000446,0.999554,0.000000
0,0.959431,0.012071,0.028498
0,0.986605,0.011106,0.002289
0,0.007025,0.992975,0.000000
0,0.002829,0.997171,0.000000
0,0.108275,0.891713,0.000012
0,0.011448,0.988551,0.000001
0,0.072278,0.927722,0.000000
0,0.964781,0.035024,0.000194
0,0.003262,0.996738,0.000000
0,0.001114,0.998886,0.000000
0,0.278049,0.721911,0.000039
0,0.002307,0.997693,0.000000
0,0.085476,0.914524,0.000000
0,0.974119,0.023023,0.002857
0,0.021025,0.978973,0.000002
0,0.999623,0.000057,0.000320
0,0.900470,0.099469,0.000062
0,0.082218,0.917771,0.000011
0,0.146882,0.853112,0.000006
0,0.041860,0.906094,0.052046
0,0.003116,0.996884,0.000000
0,0.196267,0.803717,0.000016
0,0.052730,0.947264,0.000005
0,0.012913,0.987087,0.000001
0,0.145697,0.854271,0.000032
0,0.017240,0.981997,0.000763
0,0.778188,0.221757,0.000055
0,0.602439,0.397496,0.000065
0,0.081737,0.918205,0.000058
0,0.997307,0.001010,0.001683
0,0.778875,0.186913,0.034212
0,0.851466,0.066312,0.082221
0,0.083729,0.916254,0.000017
0,0.023948,0.976049,0.000003
0,0.093920,0.906077,0.000003
0,0.005126,0.994874,0.000000
0,0.405473,0.594440,0.000088
0,0.044930,0.947266,0.007805
0,0.012224,0.987774,0.000002
0,0.194997,0.803846,0.001158
0,0.587543,0.412449,0.000007
0,0.156749,0.106158,0.737094
0,0.063288,0.936711,0.000001
0,0.013976,0.986023,0.000001
0,0.000517,0.999483,0.000000
0,0.000047,0.999953,0.000000
0,0.001746,0.998254,0.000000
0,0.429874,0.570080,0.000047
0,0.010683,0.989290,0.000027
0,0.014085,0.985914,0.000000
0,0.012270,0.987729,0.000000
0,0.001168,0.998832,0.000001
0,0.095547,0.904451,0.000001
0,0.083509,0.916400,0.000092
0,0.031935,0.968023,0.000042
0,0.220190,0.779784,0.000026
0,0.022451,0.977546,0.000004
0,0.018597,0.981391,0.000012
0,0.992737,0.000676,0.006586
0,0.924663,0.072272,0.003065
0,0.006167,0.993832,0.000001
0,0.001572,0.998426,0.000002
0,0.998866,0.000045,0.001089
0,0.849163,0.055323,0.095514
0,0.999838,0.000026,0.000137
0,0.979648,0.006687,0.013664
0,0.999417,0.000171,0.000412
0,0.658932,0.341016,0.000052
0,0.861808,0.133182,0.005009
0,0.000110,0.999890,0.000000
0,0.970440,0.004740,0.024820
0,0.024423,0.965436,0.010140
0,0.071319,0.927230,0.001451
0,0.995271,0.000811,0.003918
0,0.951253,0.019084,0.029663
0,0.653174,0.346818,0.000007
0,0.000060,0.999940,0.000000
0,0.997163,0.001769,0.001068
0,0.012322,0.987677,0.000001
0,0.998459,0.000019,0.001522
0,0.994525,0.002334,0.003141
0,0.999675,0.000003,0.000322
0,0.003014,0.996984,0.000001
0,0.015030,0.984968,0.000002
0,0.011075,0.988924,0.000000
0,0.174933,0.825058,0.000009
0,0.193519,0.806479,0.000002
0,0.760296,0.194958,0.044746
0,0.661739,0.314815,0.023446
0,0.395177,0.068048,0.536775
0,0.993397,0.006257,0.000346
0,0.108669,0.891321,0.000009
0,0.013854,0.897804,0.088343
0,0.822945,0.176895,0.000160
0,0.943987,0.013860,0.042152
0,0.056306,0.943690,0.000004
0,0.976085,0.009414,0.014501
0,0.026273,0.851048,0.122679
0,0.419977,0.362738,0.217285
0,0.999803,0.000014,0.000183
0,0.733477,0.018726,0.247797
0,0.078999,0.032459,0.888542
0,0.736498,0.025236,0.238266
0,0.023130,0.976857,0.000013
0,0.995298,0.000102,0.004600
0,0.000588,0.999412,0.000000
0,0.999822,0.000066,0.000113
0,0.000616,0.999384,0.000000
0,0.005940,0.994060,0.000000
0,0.204188,0.700019,0.095793
0,0.997094,0.001076,0.001830
0,0.028460,0.971539,0.000000
0,0.894058,0.105670,0.000272
0,0.012422,0.987574,0.000004
0,0.047746,0.952254,0.000001
0,0.938130,0.029176,0.032694
0,0.004492,0.995508,0.000000
0,0.010118,0.989881,0.000000
0,0.180379,0.027217,0.792404
0,0.708413,0.248986,0.042601
0,0.024137,0.975857,0.000006
0,0.830493,0.169505,0.000002
0,0.566833,0.132219,0.300949
0,0.013508,0.986492,0.000000
0,0.003323,0.996676,0.000001
0,0.286112,0.713836,0.000052
0,0.006808,0.973902,0.019290
0,0.825066,0.137475,0.037459
0,0.202409,0.797585,0.000006
0,0.042718,0.957282,0.000000
0,0.052383,0.947615,0.000002
0,0.800397,0.137703,0.061900
0,0.036642,0.963356,0.000002
0,0.070661,0.929338,0.000001
0,0.974828,0.007439,0.017733
0,0.375915,0.624039,0.000046
0,0.980487,0.000669,0.018845
0,0.900089,0.099910,0.000001
0,0.922504,0.066845,0.010651
0,0.009457,0.990543,0.000000
0,0.999235,0.000702,0.000063
0,0.911070,0.053921,0.035009
0,0.000689,0.999311,0.000001
0,0.007887,0.992109,0.000004
0,0.516535,0.483451,0.000014
0,0.950634,0.030277,0.019089
0,0.003061,0.987937,0.009002
0,0.025225,0.974774,0.000000
0,0.955169,0.032893,0.011938
0,0.448543,0.551457,0.000001
0,0.015619,0.984380,0.000001
0,0.115756,0.884243,0.000000
0,0.000623,0.999377,0.000000
0,0.059733,0.940265,0.000002
0,0.002551,0.997449,0.000000
0,0.073167,0.926832,0.000001
0,0.498406,0.501566,0.000027
0,0.030664,0.969334,0.000002
0,0.024597,0.975401,0.000002
0,0.041214,0.958785,0.000000
0,0.139834,0.860161,0.000005
0,0.900312,0.087840,0.011848
0,0.001398,0.998602,0.000000
0,0.170330,0.829643,0.000027
0,0.009378,0.990618,0.000004
0,0.029870,0.970130,0.000000
0,0.289332,0.109720,0.600948
0,0.203379,0.796323,0.000298
0,0.002590,0.997409,0.000001
0,0.222128,0.777861,0.000011
0,0.016747,0.983252,0.000001
0,0.098770,0.901207,0.000023
0,0.070483,0.929516,0.000001
0,0.039634,0.960323,0.000043
0,0.238920,0.761064,0.000015
0,0.133397,0.866598,0.000005
0,0.083638,0.916358,0.000004
0,0.004443,0.995557,0.000000
0,0.024063,0.975927,0.000009
0,0.065883,0.934078,0.000038
0,0.874025,0.023860,0.102114
0,0.034599,0.965393,0.000007
0,0.002534,0.997465,0.000000
0,0.053378,0.943501,0.003120
0,0.009663,0.990337,0.000000
0,0.101508,0.898488,0.000003
0,0.004635,0.995365,0.000000
0,0.043710,0.956271,0.000019
0,0.309716,0.689729,0.000555
0,0.014702,0.985296,0.000001
0,0.105475,0.894510,0.000016
0,0.044164,0.955835,0.000001
0,0.281507,0.718463,0.000030
0,0.038866,0.961132,0.000002
0,0.004125,0.995875,0.000000
0,0.002797,0.997203,0.000000
0,0.052969,0.947019,0.000012
2,0.417311,0.532309,0.050380
2,0.155705,0.844275,0.000020
2,0.317266,0.135556,0.547178
2,0.220793,0.409880,0.369327
2,0.157125,0.811272,0.031602
2,0.324101,0.252011,0.423888
2,0.004664,0.993968,0.001367
2,0.054339,0.945650,0.000011
2,0.145161,0.336515,0.518324
2,0.582848,0.411809,0.005342
2,0.752418,0.140322,0.107260
2,0.732981,0.047217,0.219802
2,0.293856,0.527393,0.178752
2,0.000362,0.879208,0.120430
2,0.003037,0.996962,0.000000
2,0.000016,0.376630,0.623353
2,0.847713,0.141497,0.010790
2,0.976838,0.020043,0.003119
2,0.256186,0.005227,0.738587
2,0.765521,0.074591,0.159888
2,0.016249,0.983732,0.000019
2,0.002109,0.997882,0.000009
2,0.005792,0.994204,0.000004
2,0.059194,0.893974,0.046832
2,0.019442,0.980552,0.000005
2,0.995926,0.001542,0.002532
2,0.070475,0.660483,0.269042
2,0.002006,0.697339,0.300655
2,0.000003,0.865515,0.134483
2,0.905374,0.082089,0.012538
2,0.000338,0.919589,0.080073
2,0.974531,0.002952,0.022517
2,0.000000,0.979886,0.020114
2,0.040622,0.933061,0.026316
2,0.179171,0.793661,0.027168
2,0.009324,0.989921,0.000754
2,0.936158,0.027007,0.036836
2,0.533117,0.466855,0.000027
2,0.991827,0.001216,0.006956
2,0.970336,0.002977,0.026687
2,0.275630,0.695636,0.028734
2,0.996824,0.000130,0.003046
2,0.021585,0.767582,0.210833
2,0.085533,0.914455,0.000013
2,0.393688,0.606045,0.000267
2,0.034490,0.965507,0.000003
2,0.001627,0.998373,0.000000
2,0.897893,0.102068,0.000039
2,0.124053,0.798526,0.077421
2,0.004071,0.992671,0.003258
2,0.009221,0.552723,0.438056
2,0.000005,0.995462,0.004532
2,0.540875,0.148298,0.310827
2,0.462158,0.516307,0.021535
2,0.003775,0.993504,0.002721
2,0.001381,0.988095,0.010523
2,0.287274,0.594421,0.118305
2,0.001673,0.998327,0.000000
2,0.255581,0.744397,0.000022
2,0.076573,0.923405,0.000022
2,0.002400,0.443556,0.554044
2,0.004913,0.933469,0.061618
2,0.002039,0.997962,0.000000
2,0.000074,0.983213,0.016713
2,0.030309,0.969691,0.000000
2,0.320724,0.143818,0.535458
2,0.352445,0.640638,0.006917
2,0.000017,0.830507,0.169476
2,0.117443,0.882549,0.000008
2,0.666095,0.226061,0.107844
2,0.961374,0.018724,0.019901
2,0.009637,0.990363,0.000000
2,0.415260,0.297039,0.287701
2,0.004223,0.995777,0.000000
2,0.071768,0.703500,0.224732
2,0.509619,0.240975,0.249406
2,0.000014,0.936032,0.063954
2,0.051359,0.948503,0.000139
2,0.176451,0.823472,0.000077
2,0.274429,0.623307,0.102265
2,0.839320,0.151491,0.009189
2,0.000000,0.999663,0.000337
2,0.027634,0.972364,0.000002
2,0.107858,0.892081,0.000061
2,0.868029,0.110633,0.021339
2,0.994849,0.003686,0.001465
2,0.312146,0.687839,0.000015
2,0.000860,0.999137,0.000003
2,0.000309,0.999690,0.000000
2,0.031791,0.968208,0.000002
2,0.027616,0.972378,0.000006
2,0.006906,0.993089,0.000005
2,0.053681,0.946317,0.000001
2,0.043421,0.956576,0.000002
2,0.017438,0.982561,0.000001
2,0.019923,0.087821,0.892255
2,0.007446,0.985849,0.006705
2,0.050976,0.939068,0.009956
2,0.007246,0.785732,0.207022
2,0.083134,0.916797,0.000069
2,0.651060,0.179374,0.169566
2,0.934678,0.022593,0.042729
2,0.008679,0.935314,0.056007
2,0.720539,0.279406,0.000055
2,0.082303,0.856391,0.061306
2,0.334935,0.446470,0.218595
2,0.000668,0.990337,0.008994
2,0.955254,0.001036,0.043710
2,0.784313,0.201150,0.014537
2,0.994756,0.001956,0.003288
2,0.973173,0.021851,0.004976
2,0.137885,0.690949,0.171165
2,0.037612,0.962371,0.000017
2,0.003989,0.996011,0.000000
2,0.000676,0.999322,0.000002
2,0.967485,0.010205,0.022310
2,0.037108,0.705161,0.257731
2,0.038490,0.315419,0.646090
2,0.249418,0.450264,0.300318
2,0.062121,0.937879,0.000000
2,0.000990,0.933238,0.065771
2,0.000000,0.963995,0.036005
2,0.016677,0.983225,0.000098
2,0.019557,0.743038,0.237405
2,0.000259,0.947663,0.052078
2,0.000032,0.856128,0.143840
2,0.604929,0.392395,0.002676
2,0.319107,0.104958,0.575935
2,0.000601,0.999399,0.000000
2,0.016661,0.983337,0.000002
2,0.799246,0.094805,0.105949
2,0.988885,0.000260,0.010855
2,0.088403,0.255799,0.655798
2,0.000007,0.989443,0.010551
2,0.125678,0.874317,0.000005
2,0.905503,0.002433,0.092065
2,0.829167,0.156390,0.014443
2,0.139127,0.180598,0.680276
2,0.673840,0.278887,0.047274
2,0.000021,0.171213,0.828766
2,0.920333,0.005294,0.074373
2,0.026942,0.965649,0.007409
2,0.011949,0.141050,0.847001
2,0.920700,0.010300,0.069000
2,0.294204,0.538450,0.167346
2,0.152083,0.692572,0.155345
2,0.971291,0.018076,0.010634
2,0.001253,0.635444,0.363303
2,0.005643,0.498321,0.496036
2,0.809145,0.138649,0.052206
2,0.052359,0.940397,0.007243
2,0.769213,0.230767,0.000020
2,0.000112,0.984461,0.015427
2,0.977011,0.017359,0.005631
2,0.566646,0.432955,0.000398
2,0.809397,0.161534,0.029069
2,0.001447,0.998547,0.000005
2,0.000982,0.999018,0.000000
2,0.116472,0.883508,0.000021
2,0.018386,0.949699,0.031915
2,0.041540,0.958360,0.000100
2,0.999508,0.000397,0.000095
2,0.162209,0.837693,0.000098
2,0.006067,0.993933,0.000000
2,0.969005,0.004636,0.026359
2,0.000055,0.662314,0.337631
2,0.939279,0.059850,0.000872
2,0.966535,0.031856,0.001609
2,0.943020,0.036093,0.020887
2,0.028371,0.971599,0.000030
2,0.019608,0.980385,0.000008
2,0.002434,0.183737,0.813829
2,0.249861,0.273153,0.476986
2,0.004504,0.634498,0.360998
2,0.992021,0.000028,0.007951
2,0.210050,0.520439,0.269512
2,0.001196,0.089108,0.909696
2,0.046574,0.953422,0.000004
2,0.072841,0.923415,0.003744
2,0.094487,0.631719,0.273795
2,0.287917,0.355891,0.356191
2,0.072836,0.927052,0.000112
2,0.086540,0.062025,0.851434
2,0.583801,0.304467,0.111732
2,0.009918,0.990081,0.000001
2,0.044451,0.917601,0.037948
2,0.000054,0.999272,0.000674
2,0.957913,0.000248,0.041838
2,0.177096,0.154508,0.668396
2,0.627964,0.062020,0.310016
2,0.012726,0.987274,0.000000
2,0.993831,0.005314,0.000855
2,0.370227,0.437739,0.192035
2,0.025074,0.974747,0.000179
2,0.836122,0.047111,0.116767
2,0.000010,0.335790,0.664200
2,0.052566,0.313566,0.633868
2,0.000865,0.689870,0.309266
2,0.001434,0.993248,0.005319
2,0.042765,0.957231,0.000004
2,0.278556,0.049224,0.672220
2,0.939723,0.002226,0.058051
2,0.330126,0.386136,0.283738
2,0.000099,0.410620,0.589281
2,0.733610,0.246523,0.019867
2,0.404851,0.026466,0.568683
2,0.000943,0.982715,0.016342
2,0.212121,0.039300,0.748578
2,0.987259,0.010005,0.002735
2,0.011293,0.143151,0.845556
2,0.047053,0.109467,0.843480
2,0.086933,0.299590,0.613477
2,0.090772,0.801660,0.107568
2,0.998706,0.000770,0.000523
2,0.049536,0.820739,0.129725
2,0.000251,0.999730,0.000019
2,0.147482,0.852501,0.000017
2,0.522172,0.477026,0.000803
2,0.005516,0.994483,0.000000
2,0.028140,0.886788,0.085072
2,0.142475,0.844503,0.013022
2,0.805496,0.194446,0.000058
2,0.012598,0.435362,0.552040
2,0.024196,0.954544,0.021260
2,0.147867,0.852118,0.000015
2,0.000316,0.997224,0.002460
2,0.014559,0.983659,0.001782
2,0.097600,0.829417,0.072983
2,0.236802,0.762675,0.000522
2,0.169659,0.507603,0.322738
2,0.869395,0.076805,0.053800
2,0.477134,0.098683,0.424183
2,0.002271,0.971194,0.026535
2,0.048987,0.842497,0.108516
2,0.018965,0.980989,0.000046
2,0.991497,0.003427,0.005076
2,0.966787,0.029735,0.003478
2,0.022011,0.977988,0.000001
2,0.000005,0.984960,0.015035
2,0.328507,0.671477,0.000015
2,0.104107,0.050990,0.844903
2,0.000001,0.992248,0.007751
2,0.000000,0.302846,0.697154
2,0.826927,0.154099,0.018974
2,0.029060,0.097994,0.872946
2,0.909873,0.003087,0.087041
2,0.000073,0.871579,0.128349
2,0.075255,0.837671,0.087074
2,0.942495,0.044719,0.012786
2,0.191112,0.739766,0.069121
2,0.998684,0.001021,0.000296
2,0.000021,0.660912,0.339067
2,0.256957,0.716928,0.026115
2,0.002849,0.458387,0.538764
2,0.839793,0.135221,0.024987
2,0.000112,0.998905,0.000984
2,0.000447,0.735509,0.264044
2,0.982431,0.010063,0.007506
2,0.097472,0.026182,0.876346
2,0.998221,0.001195,0.000584
2,0.000043,0.012354,0.987603
2,0.001750,0.961688,0.036562
2,0.000000,0.092784,0.907216
2,0.000003,0.070725,0.929272
2,0.023872,0.499027,0.477101
2,0.696664,0.259583,0.043753
2,0.977473,0.013182,0.009345
2,0.822459,0.176760,0.000780
2,0.822896,0.048744,0.128360
2,0.014500,0.985397,0.000104
2,0.949224,0.048673,0.002103
2,0.004011,0.995989,0.000000
2,0.018158,0.981841,0.000001
2,0.000000,0.025088,0.974912
2,0.961688,0.011737,0.026576
2,0.071668,0.928329,0.000002
2,0.000329,0.999671,0.000000
2,0.037396,0.962603,0.000001
2,0.022364,0.977628,0.000008
2,0.988383,0.009654,0.001963
2,0.059447,0.713076,0.227477
2,0.017247,0.764908,0.217845
2,0.000439,0.957020,0.042541
2,0.998532,0.000794,0.000674
2,0.010021,0.989979,0.000000
2,0.010023,0.972177,0.017800
2,0.142419,0.857581,0.000000
2,0.891041,0.081141,0.027818
2,0.013162,0.986832,0.000006
2,0.195200,0.804799,0.000000
2,0.002718,0.949706,0.047576
2,0.797301,0.122481,0.080218
2,0.213970,0.777004,0.009026
2,0.033948,0.950701,0.015350
2,0.140888,0.827017,0.032095
2,0.030549,0.492789,0.476662
2,0.146210,0.786183,0.067607
2,0.207728,0.792271,0.000001
2,0.913714,0.057955,0.028331
2,0.206246,0.650924,0.142829
2,0.950628,0.006076,0.043296
2,0.392330,0.544861,0.062809
2,0.008189,0.656561,0.335251
2,0.997903,0.001101,0.000997
2,0.814520,0.131774,0.053706
2,0.999727,0.000001,0.000271
2,0.996192,0.001842,0.001965
2,0.362232,0.284575,0.353194
2,0.007772,0.992228,0.000000
2,0.005666,0.994334,0.000000
2,0.181779,0.818217,0.000005
2,0.000294,0.560244,0.439461
2,0.262251,0.737749,0.000000
2,0.056622,0.943377,0.000001
2,0.543493,0.102621,0.353887
2,0.922298,0.002593,0.075108
2,0.000053,0.679798,0.320150
2,0.082382,0.917616,0.000002
2,0.019795,0.894460,0.085745
2,0.060051,0.888743,0.051206
2,0.119644,0.870988,0.009368
2,0.000019,0.983732,0.016249
2,0.001126,0.998874,0.000000
2,0.027161,0.896103,0.076736
2,0.352907,0.376254,0.270839
2,0.024477,0.893987,0.081536
2,0.000007,0.999917,0.000076
2,0.644246,0.216478,0.139276
2,0.013487,0.986493,0.000021
2,0.517316,0.222717,0.259967
2,0.007844,0.386970,0.605186
2,0.000000,0.011194,0.988806
2,0.068786,0.928830,0.002384
2,0.023073,0.976624,0.000304
2,0.044640,0.819794,0.135566
2,0.000020,0.455384,0.544596
